{
  "training_summary": {
    "best_model": "GradientBoosting",
    "best_f1_score": 0.9041908990664358,
    "training_samples": 6342,
    "features_used": [
      "depth_err",
      "depth_ppm",
      "discovery_method",
      "discovery_year",
      "distance_ratio",
      "duration_err",
      "duration_hours",
      "eccentricity",
      "equilibrium_temp_err",
      "equilibrium_temp_k",
      "fp_flag_co",
      "fp_flag_ec",
      "fp_flag_nt",
      "fp_flag_ss",
      "impact_parameter",
      "inclination_deg",
      "insolation_flux",
      "insolation_flux_err",
      "longitude_periastron",
      "max_multiple_event",
      "max_single_event",
      "period_days",
      "period_err",
      "planet_mass_earth",
      "planet_mass_jupiter",
      "planet_radius_err",
      "planet_radius_jupiter",
      "planet_radius_rearth",
      "radius_ratio",
      "score",
      "semi_major_axis_au",
      "stellar_age_gyr",
      "stellar_bcmag",
      "stellar_bmag",
      "stellar_dec",
      "stellar_density",
      "stellar_distance_err",
      "stellar_distance_pc",
      "stellar_gaia_bp_mag",
      "stellar_gaia_mag",
      "stellar_gaia_rp_mag",
      "stellar_gmag",
      "stellar_hmag",
      "stellar_icmag",
      "stellar_imag",
      "stellar_jmag",
      "stellar_kmag",
      "stellar_logg",
      "stellar_logg_err",
      "stellar_luminosity",
      "stellar_mass_msun",
      "stellar_metallicity",
      "stellar_pmdec",
      "stellar_pmdec_err",
      "stellar_pmra",
      "stellar_pmra_err",
      "stellar_ra",
      "stellar_radius_err",
      "stellar_radius_rsun",
      "stellar_radvel",
      "stellar_radvelerr1",
      "stellar_radvelerr2",
      "stellar_radvellim",
      "stellar_radvelsyncerr",
      "stellar_rcmag",
      "stellar_rmag",
      "stellar_rotp",
      "stellar_rotperr1",
      "stellar_rotperr2",
      "stellar_rotplim",
      "stellar_rotpsyncerr",
      "stellar_teff_err",
      "stellar_teff_k",
      "stellar_tmag",
      "stellar_umag",
      "stellar_vmag",
      "stellar_vsini",
      "stellar_vsinierr1",
      "stellar_vsinierr2",
      "stellar_vsinilim",
      "stellar_vsinilowerlimit",
      "stellar_vsinisyncerr",
      "stellar_vsiniupperlimit",
      "stellar_zmag",
      "transit_epoch",
      "transit_epoch_err",
      "transit_ingress_hours",
      "duty_cycle",
      "transit_frequency",
      "planet_radius_from_depth",
      "mission_encoded",
      "stellar_radius_solar",
      "stellar_mass_solar",
      "transit_depth_mag",
      "orbital_velocity_kms",
      "habitable_zone_inner",
      "habitable_zone_outer",
      "in_habitable_zone",
      "transit_snr",
      "stellar_rotation_period_days",
      "rotation_vs_orbital_ratio",
      "multi_planet_system",
      "has_radius_measurement",
      "has_mass_measurement",
      "has_stellar_parameters",
      "stellar_radius_mass_ratio",
      "planet_stellar_radius_ratio",
      "transit_duty_cycle",
      "stellar_activity_index",
      "habitable_zone_distance",
      "orbital_velocity",
      "stellar_evolution_stage"
    ],
    "n_features": 112,
    "timestamp": "2025-10-04T13:39:35.969361"
  },
  "model_performance": {
    "RandomForest": {
      "model": "RandomForestClassifier(class_weight='balanced', max_depth=15,\n                       min_samples_leaf=2, min_samples_split=5,\n                       n_estimators=500, n_jobs=8, random_state=42)",
      "accuracy": 0.9125295508274232,
      "precision": 0.899127859227217,
      "recall": 0.8721615215482751,
      "f1": 0.8825198335675403,
      "cv_mean": 0.8801499103304797,
      "cv_std": 0.008853726843692757,
      "predictions": "[2 0 2 ... 2 1 1]",
      "probabilities": "[[4.18302164e-01 4.32028578e-02 5.38494978e-01]\n [7.68063386e-01 1.50442422e-02 2.16892372e-01]\n [1.97786282e-01 1.55583577e-02 7.86655360e-01]\n ...\n [1.64390070e-01 3.76433986e-01 4.59175944e-01]\n [4.38503481e-03 9.94669460e-01 9.45504701e-04]\n [9.57206131e-03 9.82997213e-01 7.43072597e-03]]"
    },
    "ExtraTrees": {
      "model": "ExtraTreesClassifier(class_weight='balanced', max_depth=15, min_samples_leaf=2,\n                     min_samples_split=5, n_estimators=500, n_jobs=8,\n                     random_state=42)",
      "accuracy": 0.9117415287628053,
      "precision": 0.8880297608621309,
      "recall": 0.8842861170745334,
      "f1": 0.8860712412419488,
      "cv_mean": 0.8713312647231126,
      "cv_std": 0.005960866212469254,
      "predictions": "[2 0 2 ... 1 1 1]",
      "probabilities": "[[0.47494291 0.01479539 0.5102617 ]\n [0.59027592 0.01010167 0.39962241]\n [0.36533484 0.00849841 0.62616675]\n ...\n [0.31782134 0.35679181 0.32538685]\n [0.00759237 0.98612245 0.00628518]\n [0.01966796 0.97771465 0.00261739]]"
    },
    "GradientBoosting": {
      "model": "GradientBoostingClassifier(learning_rate=0.05, max_depth=8, n_estimators=500,\n                           random_state=42, subsample=0.8)",
      "accuracy": 0.9290780141843972,
      "precision": 0.9210771448975269,
      "recall": 0.8932208305405386,
      "f1": 0.9041908990664358,
      "cv_mean": 0.9021726060650499,
      "cv_std": 0.006203478062999077,
      "predictions": "[2 0 2 ... 2 1 1]",
      "probabilities": "[[3.02231222e-03 4.51147989e-09 9.96977683e-01]\n [8.92947876e-01 3.86948173e-08 1.07052085e-01]\n [7.94177292e-03 6.70154760e-09 9.92058220e-01]\n ...\n [9.52454783e-03 9.73074255e-08 9.90475355e-01]\n [2.54908839e-09 9.99999996e-01 1.03724785e-09]\n [2.19823274e-09 9.99999997e-01 5.94839598e-10]]"
    },
    "LogisticRegression": {
      "model": "LogisticRegression(class_weight='balanced', max_iter=1000, n_jobs=8,\n                   random_state=42)",
      "accuracy": 0.9014972419227738,
      "precision": 0.8722043940870695,
      "recall": 0.8796542019111485,
      "f1": 0.8755517708785835,
      "cv_mean": 0.8734130290048114,
      "cv_std": 0.010958375984073983,
      "predictions": "[2 0 2 ... 0 1 1]",
      "probabilities": "[[1.87254219e-01 3.77763542e-05 8.12708005e-01]\n [8.64075684e-01 9.43248810e-04 1.34981067e-01]\n [4.27181273e-01 2.95582128e-04 5.72523144e-01]\n ...\n [6.39480219e-01 2.04436476e-03 3.58475416e-01]\n [4.48898034e-08 9.99999906e-01 4.90922627e-08]\n [1.13743547e-08 9.99999989e-01 2.93082612e-11]]"
    },
    "SVM": {
      "model": "SVC(class_weight='balanced', probability=True, random_state=42)",
      "accuracy": 0.900709219858156,
      "precision": 0.8715330079328584,
      "recall": 0.8760046100760568,
      "f1": 0.8736364179555598,
      "cv_mean": 0.8634394694354391,
      "cv_std": 0.008410633132621803,
      "predictions": "[2 0 2 ... 0 1 1]",
      "probabilities": "[[3.17464602e-01 2.16178114e-04 6.82319220e-01]\n [7.92967601e-01 2.61095981e-04 2.06771303e-01]\n [2.70278643e-01 5.73250531e-05 7.29664032e-01]\n ...\n [3.83379388e-01 4.23993715e-02 5.74221240e-01]\n [3.53161287e-13 9.99999718e-01 2.81808598e-07]\n [7.80763059e-07 9.99899618e-01 9.96008677e-05]]"
    },
    "KNN": {
      "model": "KNeighborsClassifier(n_jobs=8, weights='distance')",
      "accuracy": 0.8439716312056738,
      "precision": 0.8178826197806371,
      "recall": 0.7642413600000971,
      "f1": 0.7735268788432287,
      "cv_mean": 0.7625370242390542,
      "cv_std": 0.009590178570215406,
      "predictions": "[0 2 2 ... 2 1 1]",
      "probabilities": "[[0.6079207  0.         0.3920793 ]\n [0.38266989 0.         0.61733011]\n [0.         0.         1.        ]\n ...\n [0.20875835 0.18671358 0.60452807]\n [0.         1.         0.        ]\n [0.         1.         0.        ]]"
    },
    "NaiveBayes": {
      "model": "GaussianNB()",
      "accuracy": 0.8353033884948778,
      "precision": 0.801641638408308,
      "recall": 0.7362509717100906,
      "f1": 0.7372647247126686,
      "cv_mean": 0.7306824235045635,
      "cv_std": 0.006076719239892085,
      "predictions": "[2 2 2 ... 0 1 1]",
      "probabilities": "[[7.03681575e-02 5.58687607e-36 9.29631842e-01]\n [1.80307823e-09 2.50060129e-40 9.99999998e-01]\n [3.96586848e-11 6.78050014e-44 1.00000000e+00]\n ...\n [9.99998345e-01 1.37741890e-15 1.65519709e-06]\n [0.00000000e+00 1.00000000e+00 0.00000000e+00]\n [0.00000000e+00 1.00000000e+00 0.00000000e+00]]"
    },
    "DecisionTree": {
      "model": "DecisionTreeClassifier(class_weight='balanced', max_depth=15,\n                       min_samples_leaf=2, min_samples_split=5,\n                       random_state=42)",
      "accuracy": 0.8936170212765957,
      "precision": 0.8663912592583746,
      "recall": 0.864167072856695,
      "f1": 0.8652395027591516,
      "cv_mean": 0.8523381591872912,
      "cv_std": 0.009559801227322218,
      "predictions": "[2 0 2 ... 2 1 1]",
      "probabilities": "[[0.09172438 0.         0.90827562]\n [0.51987921 0.         0.48012079]\n [0.         0.         1.        ]\n ...\n [0.         0.         1.        ]\n [0.         1.         0.        ]\n [0.         1.         0.        ]]"
    }
  }
}